0.002 578
0.004 709
0.006 679
0.008 513
0.01 459
0.012 357
0.014 433
0.016 522
0.018 413
0.02 368
0.022 354
0.024 334
0.026 326
0.028 240
0.03 351
0.032 245
0.034 219
0.036 194
0.038 220
0.04 208
0.042 189
0.044 204
0.046 203
0.048 204
0.05 183
0.052 188
0.054 162
0.056 165
0.058 145
0.06 147
0.062 147
0.064 135
0.066 136
0.068 127
0.07 125
0.072 127
0.074 121
0.076 110
0.078 127
0.08 115
0.082 126
0.084 109
0.086 98
0.088 101
0.09 98
0.092 102
0.094 91
0.096 89
0.098 77
0.1 83
0.102 79
0.104 77
0.106 95
0.108 87
0.11 78
0.112 70
0.114 79
0.116 81
0.118 80
0.12 61
0.122 76
0.124 72
0.126 73
0.128 67
0.13 58
0.132 65
0.134 55
0.136 54
0.138 56
0.14 53
0.142 56
0.144 56
0.146 52
0.148 51
0.15 53
0.152 44
0.154 52
0.156 47
0.158 59
0.16 47
0.162 50
0.164 49
0.166 53
0.168 47
0.17 40
0.172 37
0.174 39
0.176 39
0.178 42
0.18 40
0.182 46
0.184 36
0.186 36
0.188 39
0.19 34
0.192 36
0.194 36
0.196 42
0.198 34
0.2 36
0.202 33
0.204 31
0.206 31
0.208 29
0.21 31
0.212 33
0.214 32
0.216 33
0.218 29
0.22 25
0.222 28
0.224 28
0.226 29
0.228 26
0.23 28
0.232 25
0.234 29
0.236 24
0.238 26
0.24 25
0.242 24
0.244 25
0.246 24
0.248 25
0.25 28
0.252 25
0.254 29
0.256 23
0.258 22
0.26 24
0.262 21
0.264 28
0.266 21
0.268 25
0.27 21
0.272 20
0.274 21
0.276 21
0.278 18
0.28 22
0.282 20
0.284 24
0.286 23
0.288 20
0.29 20
0.292 19
0.294 19
0.296 20
0.298 18
0.3 19
0.302 18
0.304 19
0.306 20
0.308 19
0.31 17
0.312 16
0.314 17
0.316 19
0.318 16
0.32 18
0.322 15
0.324 16
0.326 16
0.328 14
0.33 15
0.332 17
0.334 15
0.336 16
0.338 15
0.34 15
0.342 13
0.344 14
0.346 14
0.348 13
0.35 13
0.352 14
0.354 12
0.356 11
0.358 13
0.36 13
0.362 11
0.364 15
0.366 13
0.368 14
0.37 13
0.372 11
0.374 12
0.376 13
0.378 11
0.38 12
0.382 12
0.384 12
0.386 11
0.388 11
0.39 12
0.392 11
0.394 10
0.396 11
0.398 10
0.4 11
0.402 9
0.404 10
0.406 10
0.408 12
0.41 10
0.412 8
0.414 9
0.416 11
0.418 11
0.42 10
0.422 10
0.424 10
0.426 9
0.428 11
0.43 9
0.432 11
0.434 9
0.436 8
0.438 8
0.44 9
0.442 9
0.444 8
0.446 9
0.448 8
0.45 9
0.452 8
0.454 8
0.456 9
0.458 8
0.46 8
0.462 8
0.464 9
0.466 7
0.468 7
0.47 8
0.472 8
0.474 8
0.476 9
0.478 8
0.48 7
0.482 8
0.484 7
0.486 7
0.488 8
0.49 9
0.492 6
0.494 7
0.496 7
0.498 8
0.5 6
0.502 7
0.504 6
0.506 7
0.508 7
0.51 6
0.512 7
0.514 7
0.516 5
0.518 6
0.52 6
0.522 6
0.524 7
0.526 6
0.528 7
0.53 6
0.532 6
0.534 6
0.536 5
0.538 7
0.54 6
0.542 5
0.544 5
0.546 6
0.548 6
0.55 5
0.552 6
0.554 6
0.556 5
0.558 5
0.56 5
0.562 5
0.564 5
0.566 5
0.568 5
0.57 5
0.572 5
0.574 5
0.576 5
0.578 5
0.58 5
0.582 5
0.584 4
0.586 5
0.588 4
0.59 4
0.592 4
0.594 4
0.596 4
0.598 5
0.6 5
0.602 4
0.604 5
0.606 4
0.608 4
0.61 5
0.612 4
0.614 5
0.616 4
0.618 4
0.62 5
0.622 4
0.624 4
0.626 4
0.628 3
0.63 4
0.632 4
0.634 4
0.636 3
0.638 5
0.64 4
0.642 4
0.644 4
0.646 3
0.648 4
0.65 4
0.652 4
0.654 3
0.656 4
0.658 3
0.66 4
0.662 3
0.664 3
0.666 4
0.668 3
0.67 3
0.672 3
0.674 4
0.676 4
0.678 4
0.68 3
0.682 3
0.684 3
0.686 3
0.688 3
0.69 3
0.692 3
0.694 3
0.696 3
0.698 3
0.7 3
0.702 3
0.704 3
0.706 3
0.708 3
0.71 3
0.712 2
0.714 3
0.716 3
0.718 3
0.72 3
0.722 2
0.724 2
0.726 3
0.728 2
0.73 3
0.732 3
0.734 3
0.736 3
0.738 2
0.74 3
0.742 2
0.744 2
0.746 2
0.748 2
0.75 2
0.752 2
0.754 2
0.756 2
0.758 3
0.76 2
0.762 2
0.764 2
0.766 2
0.768 2
0.77 2
0.772 2
0.774 2
0.776 3
0.778 2
0.78 2
0.782 2
0.784 2
0.786 2
0.788 2
0.79 2
0.792 2
0.794 2
0.796 2
0.798 2
0.8 2
0.802 2
0.804 2
0.806 2
0.808 2
0.81 2
0.812 2
0.814 2
0.816 2
0.818 2
0.82 2
0.822 2
0.824 2
0.826 2
0.828 2
0.83 2
0.832 2
0.834 2
0.836 2
0.838 2
0.84 2
0.842 2
0.844 2
0.846 2
0.848 2
0.85 2
0.852 2
0.854 2
0.856 2
0.858 2
0.86 2
0.862 2
0.864 2
0.866 2
0.868 1
0.87 2
0.872 2
0.874 2
0.876 2
0.878 2
0.88 2
0.882 2
0.884 1
0.886 2
0.888 2
0.89 2
0.892 2
0.894 2
0.896 2
0.898 2
0.9 2
0.902 2
0.904 2
0.906 1
0.908 1
0.91 1
0.912 2
0.914 2
0.916 1
0.918 2
0.92 1
0.922 1
0.924 1
0.926 1
0.928 1
0.93 1
0.932 1
0.934 1
0.936 1
0.938 1
0.94 1
0.942 1
0.944 1
0.946 1
0.948 1
0.95 1
0.952 1
0.954 1
0.956 1
0.958 1
0.96 1
0.962 1
0.964 1
0.966 1
0.968 1
0.97 1
0.972 1
0.974 1
0.976 1
0.978 1
0.98 1
0.982 1
0.984 1
0.986 1
0.988 1
0.99 1
0.992 1
0.994 1
0.996 1
0.998 1
1 1
