25 3
100 27
225 80
400 77
625 119
900 285
1225 269
1600 445
2025 488
2500 671
3025 647
3600 669
4225 1249
4900 884
5625 1885
6400 1309
7225 2308
8100 2367
9025 1455
10000 2310
11025 2884
12100 2899
13225 3224
14400 3422
15625 4610
16900 4925
18225 4084
19600 4533
21025 4667
22500 6453
24025 7644
25600 7415
27225 4999
28900 8568
30625 6843
32400 6962
34225 8096
36100 8369
38025 9417
40000 9384
42025 10925
44100 10525
46225 12436
48400 16531
50625 15942
52900 12029
55225 12606
57600 15455
60025 19213
62500 13901
65025 14618
67600 16327
70225 15275
72900 16669
75625 22009
78400 17475
81225 20137
84100 18406
87025 28975
