0.002 1455
0.004 1004
0.006 770
0.008 783
0.01 715
0.012 649
0.014 687
0.016 501
0.018 528
0.02 452
0.022 397
0.024 443
0.026 320
0.028 309
0.03 336
0.032 314
0.034 305
0.036 275
0.038 262
0.04 311
0.042 245
0.044 259
0.046 187
0.048 191
0.05 203
0.052 184
0.054 187
0.056 170
0.058 152
0.06 174
0.062 150
0.064 157
0.066 139
0.068 135
0.07 130
0.072 125
0.074 125
0.076 130
0.078 122
0.08 111
0.082 98
0.084 107
0.086 94
0.088 92
0.09 107
0.092 85
0.094 92
0.096 101
0.098 105
0.1 85
0.102 83
0.104 82
0.106 86
0.108 88
0.11 76
0.112 84
0.114 77
0.116 75
0.118 74
0.12 76
0.122 75
0.124 77
0.126 68
0.128 66
0.13 62
0.132 64
0.134 56
0.136 58
0.138 70
0.14 65
0.142 62
0.144 64
0.146 61
0.148 52
0.15 57
0.152 58
0.154 63
0.156 50
0.158 53
0.16 62
0.162 43
0.164 56
0.166 47
0.168 42
0.17 47
0.172 50
0.174 40
0.176 44
0.178 38
0.18 41
0.182 45
0.184 40
0.186 39
0.188 40
0.19 32
0.192 45
0.194 35
0.196 41
0.198 43
0.2 35
0.202 43
0.204 37
0.206 41
0.208 44
0.21 33
0.212 34
0.214 31
0.216 31
0.218 28
0.22 31
0.222 30
0.224 36
0.226 30
0.228 31
0.23 32
0.232 27
0.234 29
0.236 26
0.238 31
0.24 31
0.242 29
0.244 27
0.246 26
0.248 26
0.25 24
0.252 25
0.254 27
0.256 24
0.258 24
0.26 24
0.262 21
0.264 25
0.266 22
0.268 25
0.27 23
0.272 21
0.274 23
0.276 19
0.278 23
0.28 23
0.282 23
0.284 19
0.286 21
0.288 23
0.29 21
0.292 24
0.294 22
0.296 21
0.298 16
0.3 23
0.302 17
0.304 17
0.306 18
0.308 18
0.31 17
0.312 17
0.314 18
0.316 20
0.318 17
0.32 16
0.322 17
0.324 16
0.326 19
0.328 18
0.33 21
0.332 15
0.334 15
0.336 17
0.338 16
0.34 16
0.342 18
0.344 14
0.346 15
0.348 15
0.35 13
0.352 16
0.354 15
0.356 16
0.358 13
0.36 16
0.362 15
0.364 15
0.366 13
0.368 12
0.37 14
0.372 11
0.374 11
0.376 15
0.378 13
0.38 11
0.382 13
0.384 12
0.386 11
0.388 14
0.39 12
0.392 11
0.394 11
0.396 11
0.398 12
0.4 10
0.402 11
0.404 11
0.406 10
0.408 10
0.41 11
0.412 11
0.414 11
0.416 11
0.418 11
0.42 11
0.422 11
0.424 10
0.426 11
0.428 9
0.43 11
0.432 11
0.434 10
0.436 11
0.438 10
0.44 10
0.442 10
0.444 10
0.446 10
0.448 10
0.45 9
0.452 7
0.454 8
0.456 8
0.458 9
0.46 9
0.462 9
0.464 10
0.466 10
0.468 9
0.47 9
0.472 9
0.474 9
0.476 7
0.478 8
0.48 9
0.482 8
0.484 8
0.486 9
0.488 8
0.49 8
0.492 7
0.494 7
0.496 7
0.498 7
0.5 7
0.502 7
0.504 7
0.506 8
0.508 7
0.51 7
0.512 7
0.514 7
0.516 7
0.518 6
0.52 7
0.522 6
0.524 6
0.526 8
0.528 6
0.53 6
0.532 7
0.534 7
0.536 7
0.538 6
0.54 6
0.542 7
0.544 5
0.546 6
0.548 7
0.55 6
0.552 6
0.554 6
0.556 6
0.558 6
0.56 5
0.562 5
0.564 5
0.566 7
0.568 6
0.57 6
0.572 5
0.574 5
0.576 6
0.578 5
0.58 5
0.582 5
0.584 5
0.586 6
0.588 5
0.59 5
0.592 6
0.594 5
0.596 5
0.598 5
0.6 4
0.602 5
0.604 5
0.606 5
0.608 5
0.61 5
0.612 4
0.614 4
0.616 5
0.618 4
0.62 4
0.622 6
0.624 5
0.626 5
0.628 5
0.63 4
0.632 4
0.634 4
0.636 5
0.638 4
0.64 5
0.642 5
0.644 5
0.646 4
0.648 5
0.65 4
0.652 5
0.654 4
0.656 3
0.658 4
0.66 4
0.662 4
0.664 4
0.666 4
0.668 4
0.67 4
0.672 3
0.674 4
0.676 4
0.678 4
0.68 4
0.682 4
0.684 4
0.686 3
0.688 3
0.69 4
0.692 4
0.694 3
0.696 3
0.698 3
0.7 3
0.702 3
0.704 4
0.706 3
0.708 4
0.71 4
0.712 4
0.714 3
0.716 4
0.718 3
0.72 3
0.722 3
0.724 3
0.726 3
0.728 4
0.73 3
0.732 4
0.734 4
0.736 3
0.738 3
0.74 3
0.742 3
0.744 3
0.746 3
0.748 3
0.75 3
0.752 3
0.754 3
0.756 3
0.758 3
0.76 3
0.762 3
0.764 3
0.766 3
0.768 3
0.77 3
0.772 3
0.774 3
0.776 3
0.778 3
0.78 3
0.782 3
0.784 3
0.786 3
0.788 3
0.79 3
0.792 3
0.794 3
0.796 3
0.798 3
0.8 3
0.802 3
0.804 3
0.806 3
0.808 3
0.81 2
0.812 3
0.814 3
0.816 3
0.818 3
0.82 3
0.822 2
0.824 3
0.826 3
0.828 3
0.83 3
0.832 3
0.834 3
0.836 3
0.838 3
0.84 2
0.842 2
0.844 2
0.846 2
0.848 3
0.85 2
0.852 3
0.854 3
0.856 3
0.858 3
0.86 3
0.862 3
0.864 2
0.866 3
0.868 3
0.87 2
0.872 3
0.874 2
0.876 2
0.878 3
0.88 3
0.882 3
0.884 2
0.886 3
0.888 3
0.89 2
0.892 2
0.894 3
0.896 2
0.898 2
0.9 2
0.902 2
0.904 3
0.906 3
0.908 3
0.91 3
0.912 2
0.914 2
0.916 2
0.918 2
0.92 2
0.922 2
0.924 2
0.926 2
0.928 2
0.93 2
0.932 2
0.934 3
0.936 3
0.938 3
0.94 2
0.942 3
0.944 2
0.946 2
0.948 2
0.95 3
0.952 2
0.954 2
0.956 2
0.958 3
0.96 2
0.962 2
0.964 2
0.966 3
0.968 3
0.97 2
0.972 2
0.974 2
0.976 3
0.978 2
0.98 2
0.982 2
0.984 2
0.986 2
0.988 2
0.99 2
0.992 2
0.994 2
0.996 2
0.998 2
1 2
