0.004 23038
0.008 22463
0.012 27599
0.016 14936
0.02 8006
0.024 7427
0.028 6358
0.032 6986
0.036 3803
0.04 5409
0.044 3173
0.048 4168
0.052 3206
0.056 4139
0.06 2413
0.064 1685
0.068 2021
0.072 1731
0.076 1954
0.08 1854
0.084 1214
0.088 1302
0.092 1460
0.096 1138
0.1 1165
0.104 1255
0.108 1228
0.112 1179
0.116 824
0.12 824
0.124 772
0.128 927
0.132 1188
0.136 556
0.14 909
0.144 1129
0.148 711
0.152 734
0.156 521
0.16 907
0.164 746
0.168 536
0.172 520
0.176 527
0.18 529
0.184 467
0.188 568
0.192 340
0.196 397
0.2 454
0.204 405
0.208 467
0.212 354
0.216 410
0.22 380
0.224 317
0.228 338
0.232 343
0.236 282
0.24 354
0.244 229
0.248 266
0.252 232
0.256 222
0.26 336
0.264 280
0.268 312
0.272 177
0.276 211
0.28 212
0.284 225
0.288 206
0.292 175
0.296 214
0.3 195
0.304 154
0.308 185
0.312 143
0.316 149
0.32 177
0.324 134
0.328 250
0.332 132
0.336 131
0.34 91
0.344 113
0.348 122
0.352 100
0.356 114
0.36 108
0.364 98
0.368 117
0.372 171
0.376 131
0.38 107
0.384 141
0.388 130
0.392 98
0.396 110
0.4 112
0.404 150
0.408 83
0.412 77
0.416 70
0.42 91
0.424 97
0.428 94
0.432 94
0.436 74
0.44 69
0.444 79
0.448 82
0.452 52
0.456 75
0.46 68
0.464 52
0.468 72
0.472 51
0.476 40
0.48 89
0.484 59
0.488 73
0.492 55
0.496 54
0.5 52
0.504 62
0.508 44
0.512 54
0.516 45
0.52 56
0.524 56
0.528 50
0.532 45
0.536 58
0.54 36
0.544 46
0.548 31
0.552 42
0.556 36
0.56 30
0.564 39
0.568 30
0.572 37
0.576 32
0.58 29
0.584 32
0.588 37
0.592 32
0.596 28
0.6 35
0.604 24
0.608 32
0.612 27
0.616 38
0.62 26
0.624 22
0.628 24
0.632 31
0.636 31
0.64 24
0.644 26
0.648 26
0.652 22
0.656 19
0.66 22
0.664 21
0.668 18
0.672 16
0.676 22
0.68 13
0.684 17
0.688 19
0.692 17
0.696 17
0.7 18
0.704 17
0.708 17
0.712 18
0.716 11
0.72 17
0.724 20
0.728 16
0.732 13
0.736 14
0.74 17
0.744 14
0.748 14
0.752 15
0.756 20
0.76 11
0.764 16
0.768 10
0.772 10
0.776 12
0.78 9
0.784 10
0.788 9
0.792 11
0.796 9
0.8 9
0.804 11
0.808 10
0.812 10
0.816 9
0.82 9
0.824 8
0.828 8
0.832 9
0.836 8
0.84 6
0.844 7
0.848 6
0.852 9
0.856 7
0.86 6
0.864 5
0.868 5
0.872 5
0.876 6
0.88 5
0.884 5
0.888 5
0.892 5
0.896 4
0.9 4
0.904 5
0.908 4
0.912 4
0.916 4
0.92 3
0.924 3
0.928 3
0.932 4
0.936 4
0.94 2
0.944 4
0.948 3
0.952 3
0.956 3
0.96 3
0.964 2
0.968 2
0.972 2
0.976 2
0.98 2
0.984 1
0.988 1
0.992 1
0.996 1
1 1
